8.283165024942718	-38.89463225379586	0
7.923972652468365	-38.872281942050904	0
7.594579265511129	-38.85177031205967	0
7.278187798743602	-38.83207121491432	0
6.954463528643828	-38.81191435735673	0
6.547791050455999	-38.78659239737317	0
6.228951022785623	-38.76674071000889	0
5.908224152692128	-38.74676695885137	0
5.5062251554918475	-38.72174254246056	0
5.185269400943071	-38.70175734022632	0
4.82414631586289	-38.679277332965285	0
4.503017948765773	-38.65928450552747	0
4.182967708620708	-38.63939848635346	0
3.8718750936095603	-38.62428846862167	0
3.5711837272974662	-38.62558928318322	0
3.1587982635828666	-38.66806594002992	0
2.800209568173159	-38.724714192561805	0
2.484670923149679	-38.77449599374086	0
2.1110098823555745	-38.84898177348077	0
1.8054482206352986	-38.92860213201493	0
1.4515114297391847	-39.02159300586209	0
1.101414131175261	-39.11313429707661	0
0.7520638572168536	-39.20457258913666	0
0.36272667470620945	-39.30646315496415	0
0.012590216472744942	-39.398107442539185	0
-0.2985618246602826	-39.47954741213471	0
-0.607452405791264	-39.56067076511681	0
-0.9041192076401785	-39.645685106981546	0
-1.2000793950865045	-39.74667158909142	0
-1.544011190009769	-39.867811114061624	0
-1.8818799990112893	-39.98695174371824	0
-2.1674272548989393	-40.09828749252483	0
-2.493571713042911	-40.24283018801361	0
-2.8274740720517	-40.39116087928414	0
-3.158008292026352	-40.53775969147682	0
-3.4515213508275338	-40.668001087382436	0
-3.7457885275944136	-40.79856291692704	0
-4.109894229681231	-40.961118610575795	0
-4.436388923437335	-41.11275664111599	0
-4.764891101396643	-41.26537123695016	0
-5.047070456203073	-41.400037680286914	0
-5.318054630421102	-41.545301352161914	0
-5.667573882208671	-41.745439445599914	0
-5.948882533411961	-41.9055651742965	0
-6.26208348426735	-42.08392897527665	0
-6.532624675252009	-42.24164763465524	0
-6.833966685633641	-42.431875141337514	0
-7.107066585565917	-42.605802450329065	0
-7.412958099797834	-42.80014220252633	0
-7.68397946638288	-42.97241011587903	0
-7.955501510819886	-43.14498701877892	0
-8.328924132569227	-43.38232985511422	0
-8.634317351039499	-43.57643691031262	0
-8.939756348438095	-43.77057067025453	0
-9.211263610573951	-43.94314757408574	0
-9.482760383049026	-44.11570921726525	0
-9.788195563829504	-44.30985823273659	0
-10.059696151525714	-44.48243513936177	0
-10.399070693354588	-44.6981562692672	0
-10.670570327201858	-44.87073317402974	0
-11.043882323603611	-45.10802641604096	0
-11.31538195797475	-45.2806033231318	0
-11.620819044823293	-45.47475233953446	0
-11.926256132719573	-45.66890135547146	0
-12.197755766566843	-45.84147826163098	0
-12.537130310025532	-46.05719939386472	0
-12.910442305670585	-46.29449263587594	0
-13.181941940856632	-46.467069535981864	0
-13.453441574296448	-46.639646442607045	0
-13.758878662541974	-46.83379545900971	0
-14.064315749739762	-47.02794447913766	0
-14.403690291394014	-47.24366560811177	0
-14.675189925124869	-47.416242510546	0
-14.98062701348681	-47.610391528345644	0
-15.320001556945499	-47.82611265825108	0
-15.591502144408878	-47.99868956301361	0
-15.930874779412989	-48.21440688194707	0
-16.202367736201268	-48.38697233889252	0
-16.50781436084071	-48.58112517558038	0
-16.81324954138836	-48.775274188257754	0
-17.08474917674903	-48.94785109721124	0
-17.42412371764658	-49.163572227116674	0
-17.695623352134135	-49.336149130016565	0
-18.034997894137632	-49.55187025945634	0
-18.408309890597593	-49.78916350286454	0
-18.679809524386656	-49.96174040623009	0
-18.951309158466756	-50.13431731285527	0
-19.29068369982997	-50.350038442295045	0
-19.596120789356064	-50.544187457766384	0
-19.901557875564322	-50.738336477428675	0
-20.17305750999367	-50.91091338219121	0
-20.44455714483047	-51.08349028369412	0
-20.74999423121335	-51.2776393010281	0
-21.055431321146898	-51.47178832255304	0
-21.359035445260815	-51.66443816386163	0
-21.754854156810325	-51.89589873235673	0
-22.09142680396326	-52.04926100792363	0
-22.38035197526915	-52.146428973879665	0
-22.72900195227703	-52.25087538547814	0
-23.03895182843553	-52.3448466421105	0
-23.42258448858047	-52.461099536158144	0
-23.725686981517356	-52.55392256518826	0
-24.0148849018733	-52.65289107197896	0
-24.355457261088304	-52.80140486638993	0
-24.62493510375498	-52.95060530630872	0
-24.94059939571889	-53.13454238045961	0
-25.220386459084693	-53.296350395306945	0
-25.56728358514374	-53.49711409583688	0
-25.880645706201904	-53.6784609882161	0
-26.228841735515743	-53.87997618783265	0
-26.507194473175332	-54.041070852428675	0
-26.785619689442683	-54.20221510762349	0
-27.064067794999573	-54.363359364215285	0
-27.3425006417674	-54.524488363415	0
-27.620922041882295	-54.68562117917463	0
-27.96895785612287	-54.887037192005664	0
-28.247384978283662	-55.048170001711696	0
-28.560615494614467	-55.22944441298023	0
-28.83904261823045	-55.3905772306025	0
-29.15227313200012	-55.57185164280236	0
-29.465503646468278	-55.75312605826184	0
-29.743930770317093	-55.91425886750221	0
-30.05716128455242	-56.09553328482434	0
-30.335588409681804	-56.25666609639302	0
-30.648818923684303	-56.437940512783825	0
-30.92724604770774	-56.59907332388684	0
-31.27527995343553	-56.80048934137449	0
-31.553707078041043	-56.961622152943164	0
-31.86693759058835	-57.14289656560868	0
-32.21498484775657	-57.34431258076802	0
-32.493427231383976	-57.50544539606199	0
-32.806159926753026	-57.686437520664185	0
-33.11082835373236	-57.86759367631748	0
-33.38268656953005	-58.03703108802438	0
-33.75981135427719	-58.27140608755872	0
-34.03280635148985	-58.44102278538048	0
-34.34004588361131	-58.631914051715285	0
-34.61340327496873	-58.8017520038411	0
-34.92081065435195	-58.992753895930946	0
-35.26234812993789	-59.20496168965474	0
-35.53560633765301	-59.37473860569298	0
-35.843017531733494	-59.565729055553675	0
-36.15042872686172	-59.7567195026204	0
-36.491996720200405	-59.968931110575795	0
-36.76395030255662	-60.137761982157826	0
-37.10514064034214	-60.343179618474096	0
-37.382018996344414	-60.50847426569089	0
-37.68774028058397	-60.692830954212695	0
-38.023509932274465	-60.90668669389561	0
-38.29577250574948	-61.08080473728478	0
-38.567130996787455	-61.2541560260579	0
-38.93948741059285	-61.49209013953805	0
-39.27845759608317	-61.7086810185574	0
-39.54955668665934	-61.881898793857545	0
-39.88838191126706	-62.098401938099414	0
-40.19335932977265	-62.29327574558556	0
-40.464450789266266	-62.46649351995438	0
-40.769420577271376	-62.66136351414025	0
-41.04050822521094	-62.834581289906055	0
-41.379367782210466	-63.05110350437462	0
-41.65045542921871	-63.224321278277785	0
-41.92154307424789	-63.39753905124962	0
-42.226516676542815	-63.59240904962644	0
-42.4976043238421	-63.76562682026997	0
-42.80257792683551	-63.9604968149215	0
-43.07366557401838	-64.13371458882466	0
-43.344753219222184	-64.30693236226216	0
-43.61584086494986	-64.48015013616532	0
-43.954700424859766	-64.6966723529622	0
-44.259674025990535	-64.89154234714806	0
-44.56464762840187	-65.08641234273091	0
-44.86962123197736	-65.28128233505413	0
-45.20848078938434	-65.49780455697328	0
-45.47956843604334	-65.67102232854813	0
-45.75065608305158	-65.84424010012299	0
-46.02174372825539	-66.01745787449181	0
-46.32671733008465	-66.21232787054032	0
-46.59780497738393	-66.38554564444348	0
-46.902778579853475	-66.58041563490406	0
-47.24163813801715	-66.79693785635754	0
-47.512725784035865	-66.97015562932938	0
-47.783813430403825	-67.14337340090424	0
-48.054901077237446	-67.31659117667004	0
-48.35987468017265	-67.51146117085591	0
-48.69873423752142	-67.72798338765278	0
-48.96982188295806	-67.90120115922764	0
-49.27479548729025	-68.09607115620747	0
-49.57976908836281	-68.29094115458429	0
-49.85085673548747	-68.46415892522782	0
-50.12194438074948	-68.637376697734	0
-50.393032028572634	-68.8105944711715	0
-50.731891586852726	-69.02711669169366	0
-51.002979231474455	-69.20033446094021	0
-51.34183879086049	-69.41685667913407	0
-51.68069834803464	-69.63337889499962	0
-51.951785995217506	-69.80659666936845	0
-52.290645553555805	-70.02311888569966	0
-52.56173319980735	-70.19633665774018	0
-52.83282084646635	-70.36955443164334	0
-53.137794447888155	-70.56442442908883	0
-53.40888209437253	-70.73764220159501	0
-53.67996974120615	-70.91085997223854	0
-53.95105738850543	-71.08407774800435	0
-54.25603098986903	-71.27894774451852	0
-54.56010813917965	-71.47329130768776	0
-54.851547194237355	-71.66624632757157	0
-55.158908797602635	-71.8989047119394	0
-55.41201014595572	-72.10073271766305	0
-55.693588211608585	-72.3248309227638	0
-55.92658610508079	-72.52201262442395	0
-56.16757578920806	-72.7586764395237	0
-56.379516554938164	-72.99467650335282	0
-56.596702529874165	-73.2372531038709	0
-56.83848185651004	-73.50657072803006	0
-57.05274577270029	-73.74538603425026	0
-57.294620467408095	-74.01494017615914	0
-57.563247635087464	-74.31430998677388	0
-57.81048960890621	-74.58986082859337	0
-58.041267350141425	-74.84702483238652	0
-58.251075699634384	-75.08113280078396	0
-58.50819392275298	-75.36768523044884	0
-58.76694483956089	-75.65606108587235	0
-58.98402781726327	-75.89814177434891	0
-59.26116557320347	-76.22307005990297	0
-59.44149775739061	-76.46866789646447	0
-59.64855570945656	-76.76756468927488	0
-59.84851451095892	-77.06022826209664	0
-60.02844615181675	-77.35549345938489	0
-60.229732467851136	-77.70571318315342	0
-60.38968653907068	-77.98320952290669	0
-60.53565211565001	-78.25241270940751	0
-60.69450755399885	-78.60174742853269	0
-60.868137314741034	-79.01272764988244	0
-60.994289352267515	-79.30924406927079	0
-61.135448410059325	-79.64135161368176	0
-61.27592463669134	-79.97252074209973	0
-61.390083266131114	-80.25936308782548	0
-61.49109645176213	-80.5552233797498	0
-61.59269328304799	-80.86288633942604	0
-61.693752243358176	-81.16740599740297	0
-61.78417964122491	-81.46162596624345	0
-61.870307875971776	-81.80358305806294	0
-61.95615382451797	-82.1566485487856	0
-62.03829569875961	-82.53294554585591	0
-62.08927149977535	-82.93812743062153	0
-62.09704585315194	-83.24624815676361	0
-62.09814830083633	-83.6104373051785	0
-62.09650416573277	-83.92931547947228	0
-62.09148783935234	-84.29008666006848	0
-62.08488459762884	-84.68665496166795	0
-62.06410594069166	-85.02913847751915	0
-62.02764506445965	-85.34273711126298	0
-61.984664870018605	-85.70493498677388	0
-61.94446940702619	-86.01443663286045	0
-61.882530166592915	-86.3572329590097	0
-61.811222029675264	-86.71431913878769	0
-61.73215098644141	-87.10113707231358	0
-61.656909897283185	-87.39917174261063	0
-61.54774470429402	-87.78676787065342	0
-61.428726150188595	-88.21301451744512	0
-61.339305830944795	-88.51362028811127	0
-61.230598404596094	-88.85841551842168	0
-61.13389582693344	-89.16687193792313	0
-61.03774256928591	-89.47354308050126	0
-60.94184870860772	-89.77453795354813	0
-60.83816905290587	-90.07495299074799	0
-60.71859736647457	-90.41810790030286	0
-60.61287684523268	-90.72240630118176	0
-60.48101039015455	-91.10176268406212	0
-60.36278147943085	-91.43909636233002	0
-60.250873520213645	-91.73555174702778	0
-60.1207694549812	-92.0744494535029	0
-60.00557704112725	-92.37552061863244	0
-59.89073939464288	-92.67554655810818	0
-59.76138682599412	-93.01348295807838	0
-59.646350813738536	-93.31403532717377	0
-59.531352951948065	-93.61446562316269	0
-59.37323756481055	-94.02754393825307	0
-59.243865920288954	-94.36554899998009	0
-59.10012812860077	-94.74107543053105	0
-58.98513789306162	-95.04149046819657	0
-58.87014765985077	-95.34190551005304	0
-58.72640986694023	-95.71742430655286	0
-58.582672073622234	-96.09294310444966	0
-58.46768183837412	-96.39335814211518	0
-58.3526916053961	-96.693773182109	0
-58.20895381178707	-97.06929198233411	0
-58.093963576771785	-97.36970702139661	0
-57.9358520040405	-97.7827776982449	0
-57.82086177030578	-98.08319273684174	0
-57.66275019774912	-98.49626341788098	0
-57.54775996290846	-98.79667845321819	0
-57.41839594912017	-99.13464537449181	0
-57.28911204455653	-99.4724063007161	0
-57.173389389237855	-99.77090636035427	0
-57.04144282423658	-100.10808745399117	0
-56.90962977678282	-100.44537535496056	0
-56.792541457281914	-100.74491301551461	0
-56.66078562889015	-101.08197966590524	0
-56.51437754777726	-101.4565295316279	0
-56.38261790480465	-101.79360381234437	0
-56.25085063179722	-102.13067809166387	0
-56.13372416771017	-102.43029967229813	0
-55.987316085083876	-102.80482664844021	0
-55.87018962093862	-103.10444823419675	0
-55.75306315656053	-103.40406981157139	0
-55.635936690086965	-103.70369139499962	0
-55.51881022576708	-104.00331297889352	0
-55.40168376133079	-104.30293456045911	0
-55.28455729683628	-104.60255613969639	0
-55.152790022839326	-104.93963042320684	0
-55.035663559276145	-105.2392520015128	0
-54.90389628603589	-105.57632628222927	0
-54.74284739693394	-105.98830595752224	0
-54.62572093104245	-106.2879275418818	0
-54.50859446724644	-106.58754912391305	0
-54.376827193191275	-106.92462340416387	0
-54.259700728114694	-107.22424498386681	0
-54.098651840293314	-107.63622466241941	0
-53.98152537626447	-107.93584624351934	0
-53.83511729474412	-108.31037322059274	0
-53.70395655714674	-108.64515867689624	0
-53.56829829409253	-108.9773120013997	0
-53.44557948218426	-109.27552214358002	0
-53.3079185031238	-109.61065856041387	0
-53.185749008029234	-109.90797606296837	0
-53.017639114754274	-110.31712523382157	0
-52.89535517775221	-110.61474028695375	0
-52.75782389880624	-110.94947233889252	0
-52.62028880190337	-111.2842120253481	0
-52.498035385098774	-111.58175841253251	0
-52.36050029069884	-111.91649809991941	0
-52.238246872031596	-112.21404448384419	0
-52.10071177763166	-112.54878417076543	0
-51.963176680437755	-112.88352385396138	0
-51.825641587085556	-113.21826354134828	0
-51.703388168127276	-113.5158099271357	0
-51.53528971777996	-113.92493620608002	0
-51.41303630138282	-114.22248259233311	0
-51.275501205876935	-114.55722228018567	0
-51.142196608765516	-114.88166991062462	0
-51.0174140476156	-115.18454161379486	0
-50.86330027744407	-115.55951109807938	0
-50.74190516624367	-115.85486021684483	0
-50.624874069180805	-116.13961974298581	0
-50.484104111557826	-116.48213378107175	0
-50.346637679904234	-116.81659117434174	0
-50.22496409580344	-117.11264220299199	0
-50.08716960059246	-117.44790068548173	0
-49.96479411277687	-117.74564543738961	0
-49.84256358264247	-118.0430316044949	0
-49.689693405118305	-118.4149493323639	0
-49.55210490402533	-118.74971953267232	0
-49.429824784223456	-119.04725066525862	0
-49.3075408472796	-119.34479704778641	0
-49.15468592714751	-119.7167300293222	0
-49.01996226416668	-120.04828062839806	0
-48.88887400709791	-120.38423338811845	0
-48.75692744500702	-120.72173491492867	0
-48.6090888515464	-121.09433928364888	0
-48.47505183488829	-121.43071166146547	0
-48.341110184264835	-121.76705351704732	0
-48.22210688749328	-122.0658358647488	0
-48.058441115077585	-122.47678557317704	0
-47.93940730282338	-122.77566710393876	0
-47.79062266566325	-123.14924040669575	0
-47.67160411126679	-123.44812956592068	0
-47.522830918140244	-123.821741016116	0
-47.38893504271982	-124.15799132082611	0
-47.24016184947686	-124.53160277334973	0
-47.10626597661758	-124.86785307899117	0
-46.97237010108074	-125.20410338183865	0
-46.853351546567865	-125.50299254339188	0
-46.7194556738832	-125.83924284623936	0
-46.5855597985792	-126.1754931518808	0
-46.46654124354245	-126.47438231483102	0
-46.34786601172527	-126.77227965276688	0
-46.22711176943267	-127.06615630118176	0
-46.102699234266765	-127.36270323675126	0
-45.96271510265069	-127.69733610842377	0
-45.83863825898152	-127.99393645301461	0
-45.68348689255072	-128.36479368945584	0
-45.559299422369804	-128.66163817234337	0
-45.38858790631639	-129.0696581932716	0
-45.2178687598207	-129.47769347112626	0
-45.078193619439844	-129.81154051981866	0
-44.93852992198663	-130.14538756245747	0
-44.814384414290544	-130.44214049261063	0
-44.67472071904922	-130.77598753850907	0
-44.5350570231094	-131.10983458394185	0
-44.410911514016334	-131.40658751456067	0
-44.271247817901894	-131.74043455859646	0
-44.14710230898345	-132.03718749107793	0
-44.007438612694386	-132.37103453092277	0
-43.88329310627887	-132.66778746526688	0
-43.712810471246485	-133.07527342578396	0
-43.57178111147368	-133.40730467671528	0
-43.43057627842063	-133.73504820931703	0
-43.280742598872166	-134.05830565234646	0
-43.12704463204136	-134.3840350229293	0
-42.98880763206398	-134.66658202186227	0
-42.84783549414715	-134.95417967578396	0
