3.002618358179461	-42.03144637076184	0
2.9510467511136085	-41.72138777701184	0
2.884353445668239	-41.40650358982384	0
2.7620954969897866	-41.11642256798223	0
2.57452587998705	-40.864713579416275	0
2.3025932761956938	-40.65066328877583	0
2.0065281845163554	-40.47460356447846	0
1.7391416304162703	-40.326265247073025	0
1.4187642789329402	-40.15320006152615	0
1.1452817180543207	-40.0152949411422	0
0.7614505153032951	-39.86100188503042	0
0.4570772799779661	-39.758214864414185	0
0.15592658560490236	-39.6580561734736	0
-0.1356560718268156	-39.574808035977185	0
-0.47661943518323824	-39.49996748706326	0
-0.7799524794681929	-39.44594756187871	0
-1.1495607621618547	-39.410589130129665	0
-1.496896340220701	-39.4122485271655	0
-1.8221156140207313	-39.420232685282826	0
-2.2253829978290014	-39.428972157184035	0
-2.586115551821422	-39.43686857866123	0
-2.9068119057337753	-39.44392958562821	0
-3.3367168454569764	-39.462537677492946	0
-3.6567875872715376	-39.485731039661914	0
-4.01975054939976	-39.511361989192665	0
-4.340343430114444	-39.533956438768655	0
-4.7411245834082365	-39.5622347923927	0
-5.102307750203181	-39.58771697059274	0
-5.423204853141215	-39.61036482965574	0
-5.78418059454998	-39.63583556236699	0
-6.145206406188663	-39.66131010977551	0
-6.506224109500181	-39.68678465904668	0
-6.827122641552705	-39.7094286987558	0
-7.188137008168269	-39.73490324895829	0
-7.549152806343045	-39.76037779962644	0
-7.870053721417207	-39.78302184212953	0
-8.190954161516856	-39.80566588509828	0
-8.508451415516902	-39.82750502321869	0
-8.8149613874848	-39.84020796651021	0
-9.186841917515267	-39.82701674196869	0
-9.54893203015672	-39.77084913896397	0
-9.899034454429056	-39.665529161691666	0
-10.18706793844467	-39.54608717886731	0
-10.521295502141584	-39.402292165439576	0
-10.87029929336859	-39.24165907362476	0
-11.13860125822248	-39.094346911180764	0
-11.452663376403507	-38.91077223839238	0
-11.76690001640236	-38.72835341282189	0
-12.034648849803489	-38.569078360684216	0
-12.288609458773863	-38.40068999119103	0
-12.543695404194295	-38.21421614103019	0
-12.821913672902156	-38.001111895777285	0
-13.059891655109823	-37.79833785165101	0
-13.303683234145865	-37.58596221031621	0
-13.600015594565775	-37.32525053853169	0
-13.849348022718914	-37.08349028415978	0
-14.103785469254944	-36.824510489590466	0
-14.415817215223797	-36.50846663303673	0
-14.72587962297257	-36.19431105395779	0
-14.952009155240376	-35.965211782138795	0
-15.206305457628332	-35.707559497561306	0
-15.427161171624903	-35.48165312828496	0
-15.698426200367976	-35.189943223726004	0
-15.97286505898228	-34.89373198384419	0
-16.19148631329881	-34.65791502920911	0
-16.437307311745826	-34.39272108860314	0
-16.656078292930033	-34.1567286583595	0
-16.87481112719979	-33.92076674196869	0
-17.093490554892924	-33.68486967915669	0
-17.3121890569455	-33.44894972583279	0
-17.558233214600477	-33.18352309195325	0
-17.804273559886497	-32.91810026858002	0
-18.02297778398497	-32.68216887442395	0
-18.241682006861083	-32.44623747654259	0
-18.460386230784934	-32.21030608005822	0
-18.6790904533118	-31.974376591853797	0
-18.897794678690843	-31.738460454624146	0
-19.17117495648563	-31.443565282970667	0
-19.389879180991556	-31.207649142481387	0
-19.663259459950496	-30.91275397222489	0
-19.881963683583308	-30.676837836392224	0
-20.100667908147443	-30.440921696368605	0
-20.319372131780256	-30.205005559604615	0
-20.538076354016084	-29.96908941725269	0
-20.81145663483767	-29.67419424885884	0
-21.030160857073497	-29.43827429553494	0
-21.35821528575616	-29.084396274760365	0
-21.57691760227317	-28.848478226922452	0
-21.795625640719663	-28.612554464954883	0
-22.069005921192	-28.317653567530215	0
-22.28771014342783	-28.081737430300564	0
-22.506414367060643	-27.845819387584925	0
-22.75245661853114	-27.58041373034939	0
-22.971160842396785	-27.34449759265408	0
-23.217203093518037	-27.079091938678175	0
-23.490583373466507	-26.784196767024696	0
-23.73662562511163	-26.518791113514453	0
-23.982667876814958	-26.253385453484952	0
-24.201372100797016	-26.017469317652285	0
-24.4474143521511	-25.752063664607704	0
-24.666118576657027	-25.516147524584085	0
-24.939498855150305	-25.22125235805288	0
-25.185541106562596	-24.955846697557718	0
-25.45892138639465	-24.660951524972916	0
-25.704963638680056	-24.395545873325318	0
-25.92366786155617	-24.15962973376736	0
-26.142372085654642	-23.923713597934693	0
-26.361076308472548	-23.68779745697975	0
-26.579780532454606	-23.4518813197501	0
-26.8531608125777	-23.156986149959266	0
-27.09920306346612	-22.8915804955177	0
-27.37258334265789	-22.5966853229329	0
-27.618625594244804	-22.33127966756001	0
-27.892005874833558	-22.03638449497521	0
-28.13804812700255	-21.770978840533644	0
-28.384090376843233	-21.50557318283245	0
-28.630132629245054	-21.240167531184852	0
-28.903512907854747	-20.945272357668728	0
-29.122217131662183	-20.70935622183606	0
-29.340921356517356	-20.473440082278103	0
-29.559625580383	-20.23752394784242	0
-29.778329802968074	-20.001607809215784	0
-30.051710083440412	-19.706712632905692	0
-30.297752335027326	-19.44130697986111	0
-30.543794586730655	-19.175901325885206	0
-30.789836838433985	-18.910495670046657	0
-31.03587909025373	-18.645090016536415	0
-31.254583312373143	-18.409173876978457	0
-31.500625563727226	-18.14376822253689	0
-31.719329788931645	-17.907852088101208	0
-31.93803401273908	-17.67193594807759	0
-32.21139903139556	-17.37704077595845	0
-32.43008799717063	-17.141124638728797	0
-32.70344920322532	-16.846229466609657	0
-32.949474289256614	-16.580823814496398	0
-33.195499375171494	-16.315418157726526	0
-33.4415244589909	-16.050012500025332	0
-33.74222178728087	-15.725618274882436	0
-33.96091075090226	-15.489694508258253	0
-34.23427195829572	-15.194789798464626	0
-34.48029704176588	-14.929375562351197	0
-34.69898600853048	-14.693451795261353	0
-34.91767497191904	-14.45752802817151	0
-35.1637000576593	-14.19211474293843	0
-35.4097251437488	-13.926699549891055	0
-35.65575022867415	-13.661285313777626	0
-35.87443919404177	-13.42536154575646	0
-36.17513652058551	-13.10096636461094	0
-36.44849772634916	-12.80606165714562	0
-36.66718669177499	-12.57013789191842	0
-36.91321177739883	-12.304723650217056	0
-37.15923686302267	-12.039309412706643	0
-37.432598068669904	-11.744404703378677	0
-37.651287032465916	-11.50848093861714	0
-37.86997599713504	-11.272557171992958	0
-38.116001082526054	-11.007142932154238	0
-38.3332519067917	-10.773197088390589	0
-38.57507701165741	-10.525793940294534	0
-38.86539073259337	-10.264704616740346	0
-39.1095122830593	-10.05062571587041	0
-39.351703596825246	-9.837453754153103	0
-39.622711136355065	-9.599057110957801	0
-39.86428065522341	-9.38655653828755	0
-40.13616938871564	-9.147372158709913	0
-40.377666426531505	-8.934927850496024	0
-40.61918635520851	-8.72246542898938	0
-40.86074443074176	-8.50997248571366	0
-41.13248820428271	-8.270928295794874	0
-41.40422434924403	-8.03189173573628	0
-41.64577098051086	-7.819408329203725	0
-41.91751093958737	-7.580365092493594	0
-42.18925090000266	-7.341322812251747	0
-42.46099086035974	-7.102280051913112	0
-42.73273082060041	-6.863236817531288	0
-43.0044707795023	-6.624194059986621	0
-43.2460174097796	-6.411711605731398	0
-43.4875640416285	-6.199229155201465	0
-43.72911067242967	-5.986746698152274	0
-44.031043960072566	-5.721144111827016	0
-44.30278391967295	-5.48210135102272	0
-44.574523879156914	-5.243058118503541	0
-44.8160705116461	-5.030575669370592	0
-45.057617140875664	-4.8180932137183845	0
-45.29916377150221	-4.605610760394484	0
-45.54071040387498	-4.393128783907741	0
-45.812450363475364	-4.15408602822572	0
-46.05399699410191	-3.941603334620595	0
-46.35593028139556	-3.6760002709925175	0
-46.597476914175786	-3.463517818134278	0
-46.86921687243739	-3.2244750587269664	0
-47.14095683343476	-2.9854322993196547	0
-47.44289012212539	-2.7198292342945933	0
-47.71345896879211	-2.4819826199673116	0
-47.98041148419725	-2.256956729106605	0
-48.230709030875005	-2.063382301479578	0
-48.519626570807304	-1.840999161824584	0
-48.80639262433397	-1.6198323108255863	0
-49.09252925089095	-1.3992349258624017	0
-49.379287673102226	-1.1781490184366703	0
-49.63411708030617	-0.9816822712309659	0
-49.92068858334096	-0.7607447821646929	0
-50.207309676741716	-0.539768191985786	0
-50.46209330664715	-0.3433392085134983	0
-50.748695327027235	-0.12236664723604918	0
-51.03530116187176	0.09860774083063006	0
-51.35375208983896	0.34413638385012746	0
-51.640357925440185	0.5651113078929484	0
-51.89511866675457	0.7615337651222944	0
-52.21356959542027	1.0070618083700538	0
-52.532020522572566	1.2525899107567966	0
-52.882316543196794	1.5226709535345435	0
-53.13707728567533	1.7190935309045017	0
-53.39183802768821	1.9155161050148308	0
-53.64659876941005	2.1119385617785156	0
-53.90135951258708	2.308361142873764	0
-54.21981043933192	2.553889360278845	0
-54.538261367881205	2.7994175823405385	0
-54.82486720243469	3.02039298042655	0
-55.11147303780308	3.2413683789782226	0
-55.39807887177449	3.4623437793925405	0
-55.68468470667722	3.683319181203842	0
-56.00313563429518	3.928847397211939	0
-56.25789637694834	4.125269980169833	0
-56.51265711925225	4.321692554280162	0
-56.83110804652097	4.5672207730822265	0
-57.08586878987262	4.76364287501201	0
-57.37247462506639	4.984618274495006	0
-57.659080458572134	5.2055941466242075	0
-57.94568629335845	5.426569548435509	0
-58.295982315554284	5.696650591678917	0
-58.5825881488272	5.91762599395588	0
-58.869193985825405	6.138600914273411	0
-59.187644912453834	6.384129132609814	0
-59.47425074846251	6.605105010792613	0
-59.7608565815608	6.826080409344286	0
-60.04746241780231	7.04705580836162	0
-60.30222315888386	7.243478383868933	0
-60.55698390171165	7.43990096077323	0
-60.81174464448122	7.636323064565659	0
-61.09835047804518	7.85729846265167	0
-61.35311122069834	8.05372056318447	0
-61.639717055193614	8.27469166694209	0
-61.92632289062021	8.495662775356323	0
-62.18108363210922	8.692081541288644	0
-62.49953456182266	8.937604991719127	0
-62.7861403953284	9.158576099667698	0
-63.03850932390196	9.352455224841833	0
-63.286788895435166	9.532643401995301	0
-63.5714911945397	9.70968541270122	0
-63.90256495709764	9.867726414464414	0
-64.25631709228037	9.981694308109581	0
-64.6060943142511	10.06842908076942	0
-64.99951167363906	10.166461076587439	0
-65.30501551751513	10.241106117609888	0
-65.64007563696941	10.308096973691136	0
-66.06916041480144	10.362300005275756	0
-66.42713160597486	10.403839197941124	0
-66.73077387927333	10.428800668101758	0
-67.10597224312369	10.428436366841197	0
-67.41644282493507	10.40707406308502	0
-67.72019954008283	10.37118348153308	0
-68.06991572643165	10.309540833346546	0
-68.42934413108742	10.245057192165405	0
-68.74249262874946	10.18859681300819	0
-69.08203883306123	10.116287319455296	0
-69.43173213209957	10.029045191593468	0
-69.74633021623595	9.951091852970421	0
-70.05827326979488	9.873857586178929	0
-70.40904994145967	9.786964503582567	0
-70.76056666491786	9.699896896257997	0
-71.07286830228986	9.622542465105653	0
-71.38507075567031	9.54521283134818	0
-71.73636622633785	9.45820053992793	0
-72.08601374697173	9.37146386411041	0
-72.46701045223745	9.268924799282104	0
-72.81593318207888	9.170363512821496	0
-73.12639613373904	9.083111848216504	0
-73.4357375644031	8.996129121631384	0
-73.82273860211717	8.887306300457567	0
-74.17123408458428	8.789310542400926	0
-74.4805449974956	8.702324003446847	0
-74.79008479201002	8.614876831881702	0
-75.13845057727303	8.51646145991981	0
-75.48675532574998	8.418072785716504	0
-75.8350066668354	8.319692699238658	0
-76.12742610240821	8.236888971645385	0
-76.44475550722564	8.147178739309311	0
-76.75323481787927	8.059949005953968	0
-77.104637099721	7.934756367467344	0
-77.38892360014142	7.825517741963267	0
-77.67077632137807	7.717259015887976	0
