-42.945648147084285	-134.2694720365107	0
-43.0630263814237	-133.95340147987008	0
-43.174846602662	-133.6522540198639	0
-43.28291316132527	-133.3612994295545	0
-43.394691420311574	-133.06028929632157	0
-43.508937790000346	-132.752687365748	0
-43.63435740600107	-132.41496458742768	0
-43.746009781665634	-132.1142901526764	0
-43.87224192859139	-131.77441588276997	0
-43.99823756428668	-131.43509093113244	0
-44.11018366960343	-131.13365355320275	0
-44.222186996310484	-130.8320635864511	0
-44.33419413707452	-130.53042784379795	0
-44.44618983526016	-130.22886839462444	0
-44.57218928588554	-129.8895892216824	0
-44.69818873523036	-129.55029478901997	0
-44.83818812429672	-129.17329588904977	0
-44.95018763648113	-128.87166014686227	0
-45.06218714884017	-128.57002440094948	0
-45.20218653837219	-128.1929797269404	0
-45.32818598911399	-127.8536700331606	0
-45.46818537818035	-127.47670165263116	0
-45.59418482944602	-127.1374301025644	0
-45.720184281119145	-126.79815855901688	0
-45.84618373058038	-126.45888701314107	0
-45.972183182428125	-126.11961546773091	0
-46.0981826321804	-125.78034392138943	0
-46.2241820821655	-125.44107238063589	0
-46.33618159533944	-125.13949766987935	0
-46.44818110659253	-124.83792296471074	0
-46.56018061802024	-124.53634825721383	0
-46.67150874325307	-124.23623839160427	0
-46.77413172967499	-123.94386473670602	0
-46.86560817057034	-123.61969176493585	0
-46.92778392037144	-123.2558230496943	0
-46.953994704352226	-122.8663500896655	0
-46.97182841441827	-122.54181853029877	0
-46.98658366285963	-122.2288989154622	0
-46.984474137134384	-121.89106932654977	0
-46.952629042381886	-121.54821959650144	0
-46.90694041439565	-121.19430724019185	0
-46.85656352125807	-120.89363280078396	0
-46.7748183736112	-120.57152739539742	0
-46.643665266863536	-120.23023405997083	0
-46.48738474934362	-119.94406310142949	0
-46.291351271793246	-119.67798033962026	0
-46.08396525576245	-119.43844786379486	0
-45.86989588930737	-119.19300261279568	0
-45.63613505434478	-118.92870512697846	0
-45.42043299955549	-118.70503416890278	0
-45.19316096394323	-118.47648039879277	0
-44.94192500395002	-118.22899809991941	0
-44.688182785816025	-118.00774565525353	0
-44.35055156011367	-117.77266112109646	0
-44.08066554204561	-117.61178770801052	0
-43.778015090094414	-117.44774809805676	0
-43.49613948102342	-117.31942168436944	0
-43.16176600736799	-117.17326537100598	0
-42.87019343645079	-117.04623595392331	0
-42.53953166172141	-116.9110430800356	0
-42.24024195835227	-116.78950682748109	0
-41.94303507969016	-116.66868010396138	0
-41.61259837221587	-116.54106322256848	0
-41.310920669173356	-116.42938414635137	0
-41.008087111404166	-116.31672850530595	0
-40.66918177815387	-116.19064513221383	0
-40.36787028476829	-116.07857695547864	0
-40.02854151878273	-115.95236387941986	0
-39.727016402059235	-115.84020415320992	0
-39.42553706333274	-115.72805967833847	0
-39.08632655424299	-115.60187712498009	0
-38.7848052518093	-115.48969451105222	0
-38.44560618553078	-115.36349669611081	0
-38.144092513481155	-115.25131407706067	0
-37.80488963337848	-115.12510863086209	0
-37.427997542137746	-114.98488035844639	0
-37.12648387061199	-114.87269774638116	0
-36.82497019873699	-114.76051512546837	0
-36.52345652668737	-114.6483325115405	0
-36.19107813987648	-114.52234831638634	0
-35.896171522908844	-114.40217772638425	0
-35.59700770495692	-114.27988616144285	0
-35.261512710072566	-114.14303770940751	0
-34.96403880399885	-114.02165404241532	0
-34.628925278491806	-113.88490477623418	0
-34.330993606185075	-113.76333037158474	0
-34.0331649328582	-113.64181700535119	0
-33.69808955461485	-113.50510588474572	0
-33.40022273315117	-113.38358489004895	0
-33.10237116942881	-113.26206389674917	0
-32.76728816254763	-113.12535277288407	0
-32.43220515392022	-112.98864165041596	0
-32.13435359118739	-112.86712065525353	0
-31.79927058465546	-112.7304095341824	0
-31.501419021340553	-112.60888853762299	0
-31.166336014634	-112.47217742074281	0
-30.868484450795222	-112.35065642232075	0
-30.570632889692206	-112.229135426227	0
-30.235549881879706	-112.09242430562153	0
-29.937698317982722	-111.97090330999345	0
-29.602615309820976	-111.83419218938798	0
-29.304763747786637	-111.71267119282857	0
-29.00691218592692	-111.59115019766614	0
-28.671829176775645	-111.45443907659501	0
-28.37397761439206	-111.33291807724163	0
-28.076126052474137	-111.21139708394185	0
-27.741043044545222	-111.07468596380204	0
-27.443735077336896	-110.9533633319661	0
-27.120174361451063	-110.81672850577161	0
-26.849929763295222	-110.68487730575725	0
-26.554044676886406	-110.50917234970257	0
-26.284179641283117	-110.33684721775353	0
-26.02710147079779	-110.16462889732793	0
-25.732707931485493	-109.93335905764252	0
-25.467660858121235	-109.69352141022682	0
-25.230829193780664	-109.47738066501915	0
-24.972173644811846	-109.23037901800126	0
-24.745725585205946	-109.01044646045193	0
-24.486890747386497	-108.73394194524735	0
-24.29590029810788	-108.49337950581685	0
-24.07593722472666	-108.20247832126915	0
-23.85561366280308	-107.913087754976	0
-23.66385455225827	-107.66024199547246	0
-23.455354645091575	-107.37194243259728	0
-23.244609787652735	-107.07603636523709	0
-23.057350113114808	-106.81372252386063	0
-22.872392609424423	-106.55406370945275	0
-22.654619170178194	-106.22998228901997	0
-22.481302215368487	-105.95878783008084	0
-22.284719421353657	-105.65269652102143	0
-22.090463592263404	-105.34995451709256	0
-21.889944030845072	-105.02002898324281	0
-21.703399611462373	-104.67148772301152	0
-21.51303858909523	-104.31336393998936	0
-21.345832778315526	-103.9971255371347	0
-21.182592345343437	-103.6767748920247	0
-20.999429657764267	-103.31727019278333	0
-20.853660537221003	-103.03129759570584	0
-20.659723236749414	-102.63951292913407	0
-20.51863474905258	-102.34964171238244	0
-20.359737350430805	-102.02385893790051	0
-20.202503159467597	-101.70076934015378	0
-20.066913559043314	-101.41230192827061	0
-19.91422267066082	-101.08466521184891	0
-19.763086273916997	-100.75598326697946	0
-19.595224333635997	-100.39045134419575	0
-19.448684646224137	-100.06637755176052	0
-19.293048811727203	-99.69867125805467	0
-19.167169523832854	-99.40104094194248	0
-19.041759445040952	-99.10474577592686	0
-18.90086741640698	-98.77179900184274	0
-18.775461150158662	-98.47545042773709	0
-18.650062515342142	-98.17912474554032	0
-18.509031250723638	-97.84587279474363	0
-18.36798663373338	-97.51257506432012	0
-18.24259944242658	-97.21676817722619	0
-18.069658234308008	-96.80954161193222	0
-17.943935347895604	-96.51342192431912	0
-17.802494002738968	-96.18029204150662	0
-17.676763488387223	-95.8841723529622	0
-17.535312606429216	-95.55103484354913	0
-17.409585906134453	-95.25492278346792	0
-17.268140746920835	-94.92180052911863	0
-17.14241404616041	-94.62568846484646	0
-17.01668162510032	-94.32957640429959	0
-16.875232649676036	-93.99645414901897	0
-16.749500229780097	-93.70033446280286	0
-16.62376780685736	-93.40421477286145	0
-16.498035384633113	-93.10808745073155	0
-16.35658641019836	-92.7749270517379	0
-16.2151374349487	-92.44176665460691	0
-16.07368846103782	-92.10860625421628	0
-15.932239486428443	-91.77544585149735	0
-15.75935740681598	-91.3682498075068	0
-15.633624983776826	-91.0721072293818	0
-15.49217601021519	-90.73894682666287	0
-15.350727035838645	-90.4057864267379	0
-15.193561508669518	-90.03560820221901	0
-15.067829086910933	-89.73946562595665	0
-14.942096664337441	-89.44332304690033	0
-14.800647690193728	-89.11016264837235	0
-14.674915267154574	-88.81402006931603	0
-14.51774973940337	-88.44384184712544	0
-14.36058421334019	-88.07366362540051	0
-14.219135239312891	-87.74050322268158	0
-14.061969710688572	-87.37032499862835	0
-13.936237289162818	-87.07418242562562	0
-13.810504866589326	-86.77803984144703	0
-13.653339340176899	-86.40786162065342	0
-13.527606918301899	-86.1117190415971	0
-13.386157942994032	-85.77855864074081	0
-13.260425520769786	-85.48241606680676	0
-13.087543441855814	-85.07522002141923	0
-12.946094467537478	-84.74205962195992	0
-12.804645492462441	-84.40889922203496	0
-12.663196518842597	-84.07573881885037	0
-12.506030989869032	-83.7055605975911	0
-12.380298569158185	-83.40941801806912	0
-12.25456614565337	-83.11327544320375	0
-12.128833725757431	-82.81713286368176	0
-12.003101302951109	-82.52099028602242	0
-11.861652327759657	-82.1878298833035	0
-11.735919906699564	-81.89168730424717	0
-11.594470931158867	-81.5585269043222	0
-11.453021957131568	-81.22536650625989	0
-11.327289535838645	-80.92922392534092	0
-11.20155711408006	-80.63308135140687	0
-11.075824691390153	-80.33693877095357	0
-10.950092270213645	-80.04079619329423	0
-10.808643294207286	-79.70763578917831	0
-10.651477766921744	-79.33745757164434	0
-10.510028792661615	-79.00429716752842	0
-10.38547034439398	-78.71022978890687	0
-10.23386569187278	-78.31730071036145	0
-10.133565857133362	-77.96065703453496	0
-10.070669128850568	-77.51660338183865	0
-10.04446311231004	-77.12328520976007	0
-10.039627028163522	-76.7442339961417	0
-10.062355948437471	-76.39326659077778	0
-10.085905982472468	-76.06849089311436	0
-10.10863299597986	-75.74669066350907	0
-10.134152366488706	-75.38709440920502	0
-10.158580733754206	-75.07352629583329	0
-10.200863792502787	-74.7356585576199	0
-10.272254897630773	-74.40757933491841	0
-10.372318222827744	-74.06577483378351	0
-10.481016112666111	-73.70787993399426	0
-10.584138825244736	-73.41428557410836	0
-10.703077270125505	-73.10247221542522	0
-10.832552864274476	-72.76304045459256	0
-10.945627166482154	-72.46660796040669	0
-11.062858536548447	-72.1592806885019	0
-11.177233649301343	-71.85944548621774	0
-11.291308356507216	-71.56038084765896	0
-11.420494034595322	-71.2217043931596	0
-11.535226776089985	-70.92093077488244	0
-11.649818374193273	-70.62050810735673	0
-11.76446433266392	-70.31995573919266	0
-11.907799674198031	-69.94416991155595	0
-12.036779356945772	-69.60603514593095	0
-12.151432945218403	-69.30544463219121	0
-12.28042025747709	-68.96727171959355	0
-12.409406616759952	-68.62909880513325	0
-12.5527247923892	-68.25335112446919	0
-12.667379333171993	-67.95275298133492	0
-12.782033873954788	-67.65215483121574	0
-12.896688414912205	-67.35155668994412	0
-13.011342955986038	-67.05095854587853	0
-13.140329314337578	-66.71278563234955	0
-13.254983856691979	-66.41218749061227	0
-13.369638396834489	-66.11158934654668	0
-13.498624755360652	-65.77341643441468	0
-13.627611113828607	-65.43524351948872	0
-13.770929290272761	-65.05949583929032	0
-13.885583830648102	-64.75889769522473	0
-14.000238373468164	-64.45829954836518	0
-14.129224730830174	-64.12012663856149	0
-14.258211090229452	-63.781976610422134	0
-14.387197447416838	-63.44383803149685	0
-14.501851990178693	-63.14327040594071	0
-14.61650653067045	-62.84270277712494	0
-14.74549289024435	-62.50456419726834	0
-14.860147429746576	-62.20399656938389	0
-14.974801971751731	-61.90342894382775	0
-15.103788329171948	-61.56529036303982	0
-15.218442870129365	-61.26472273655236	0
-15.347429228771944	-60.9265841585584	0
-15.476415587356314	-60.58844557637349	0
-15.60540194582427	-60.2503069951199	0
-15.720056488353293	-59.94973937002942	0
-15.849042845831718	-59.611600789707154	0
-15.96369738719659	-59.31103316042572	0
-16.078351928910706	-59.01046553766355	0
-16.207338286505546	-58.67232695640996	0
-16.32199282932561	-58.37175933038816	0
-16.436647370050196	-58.071191703435034	0
-16.56563372776145	-57.73305312264711	0
-16.680288269824814	-57.43248549615964	0
-16.823606445279438	-57.05677595641464	0
-16.936569167592097	-56.75913420598954	0
-17.04944224638166	-56.43181029334664	0
-17.16067309502978	-56.05038252705708	0
-17.295604660001118	-55.58622923772782	0
-17.38351626653457	-55.252447040751576	0
-17.44452281255508	-54.922937305644155	0
-17.478336287196726	-54.53850355790928	0
-17.4972133176052	-54.22081557195634	0
-17.504690124711487	-53.915643606800586	0
-17.49167437822325	-53.60833158995956	0
-17.471141769725364	-53.2851695176214	0
-17.44925494468771	-52.92299834033474	0
-17.42524523875909	-52.61508360411972	0
-17.39384646655526	-52.314531239680946	0
-17.321634246676695	-51.9968012906611	0
-17.243011429032777	-51.65384856099263	0
-17.149696304404642	-51.32887450326234	0
-17.003322554461192	-51.00631895940751	0
-16.835922194470186	-50.71473876060918	0
-16.665687514061574	-50.432165059261024	0
-16.499345734191593	-50.15476027177647	0
-16.335124924371485	-49.88083449425176	0
-16.169673874683212	-49.60493651451543	0
-15.983257247600704	-49.29405775759369	0
-15.817892029008362	-49.01828184630722	0
-15.652496291615535	-48.742456349078566	0
-15.466354324889835	-48.43202391732484	0
-15.30217261594953	-48.15926543343812	0
-15.09164328809129	-47.83436385123059	0
-14.908513023867272	-47.57081785844639	0
-14.7025985250948	-47.27377119939774	0
-14.521476699446794	-47.02597990911454	0
-14.324793768522795	-46.78671828098595	0
-14.088568642211612	-46.509035024791956	0
-13.880186989321373	-46.262731465976685	0
-13.676344825711567	-46.0268229553476	0
-13.435093833715655	-45.77142516197637	0
-13.20975871157134	-45.538957509212196	0
-12.959936096158344	-45.28132811514661	0
-12.712961150275078	-45.044237052090466	0
-12.444948150659911	-44.82121077738702	0
-12.160147621762007	-44.59211150277406	0
-11.877982094010804	-44.363958274014294	0
-11.601712180941831	-44.1433734013699	0
-11.288652373419609	-43.91723051993176	0
-10.95481200440554	-43.689901263453066	0
-10.65689368447056	-43.48623457737267	0
-10.366237593407277	-43.2983035184443	0
-10.02357001544442	-43.10134688299149	0
-9.671256019326393	-42.9001406757161	0
-9.35939021204831	-42.722139270976186	0
-9.053996040078346	-42.55777922505513	0
-8.696561766730156	-42.38847151538357	0
-8.329593613569159	-42.21590605424717	0
-8.002664520812687	-42.06198683567345	0
-7.681551887711976	-41.91330519551411	0
-7.323687031341251	-41.76843825355172	0
-6.945287181646563	-41.62748900195584	0
-6.649931384425145	-41.51648894092068	0
-6.362728073843755	-41.40785017842427	0
-6.0705232172622345	-41.29730025213212	0
-5.751291705237236	-41.17652693670243	0
-5.412920430186205	-41.04851714102551	0
-5.0801457892521285	-40.92688170308247	0
-4.777554466563743	-40.82501784292981	0
-4.426847411377821	-40.72172347083688	0
-4.1038417353411205	-40.62887755408883	0
-3.779320432979148	-40.56293288292363	0
-3.467144442431163	-40.524690540507436	0
-3.166427089134231	-40.50948897143826	0
-2.8614413280738518	-40.52623930666596	0
-2.549846126756165	-40.54383650701493	0
-2.2437545802094974	-40.565362845081836	0
-1.9351354372920468	-40.602052602451295	0
-1.6120785019011237	-40.64054289832711	0
-1.303044629690703	-40.67785826744512	0
-0.9430228005512618	-40.722036274150014	0
-0.5854846971924417	-40.76767149800435	0
-0.2734263685415499	-40.81693449569866	0
0.04195933265145868	-40.89606276480481	0
0.3594395672553219	-40.98623076360673	0
0.7219062308431603	-41.0894068791531	0
1.0328073967830278	-41.17797651980072	0
1.3696226351312362	-41.275480184238404	0
1.6571763016982004	-41.36607161536813	0
1.968592927150894	-41.48263350408524	0
