30.203826950106304	-41.234384446870536	0
29.888542220171075	-41.24937239661813	0
29.5457210993045	-41.26565352641046	0
29.235652968811337	-41.28038206882775	0
28.873874709533993	-41.29757109563798	0
28.54757504176814	-41.313077840488404	0
28.187957809132058	-41.33016387047246	0
27.867204712994862	-41.34540358744562	0
27.505079315800685	-41.36260405508801	0
27.103485154395457	-41.38167754234746	0
26.742061661265325	-41.398839863948524	0
26.420677231566515	-41.414098653476685	0
26.09933285432635	-41.42935744067654	0
25.778009460831527	-41.4446162302047	0
25.46014599513728	-41.46026412257925	0
25.15426449541701	-41.48369780369103	0
24.814188049989752	-41.52975645661354	0
24.50108341971645	-41.6092089721933	0
24.209680602827575	-41.693834220059216	0
23.81680874689482	-41.80792799824849	0
23.46736149600474	-41.90946379583329	0
23.12519650295144	-42.0145587050356	0
22.783655212493613	-42.12655440205708	0
22.4010963892797	-42.25139799993485	0
22.070522353926208	-42.36503020301461	0
21.70803074585274	-42.51213637320325	0
21.408773469214793	-42.63739577215165	0
21.110961959057022	-42.76146498415619	0
20.777746246021707	-42.9003962604329	0
20.44366268842714	-43.03968230076134	0
20.14658741670428	-43.16353407828137	0
19.84970669663744	-43.28731337701902	0
19.515691802836955	-43.426576528698206	0
19.181631135288626	-43.565866383723915	0
18.847595261177048	-43.705152426846325	0
18.476448105706368	-43.85991469305009	0
18.184623764420394	-43.97997084306553	0
17.899110840109643	-44.08506575739011	0
17.575611160777044	-44.17571440525353	0
17.269929932896048	-44.23712340183556	0
16.92529110662872	-44.29521742556244	0
16.591732070432045	-44.32723799487576	0
16.252122924721334	-44.32607069890946	0
15.910157250589691	-44.301618489436805	0
15.613138244545553	-44.25552550284192	0
15.268910453829449	-44.18063536565751	0
14.971574829367455	-44.10431090230122	0
14.65433125256095	-43.99560728576034	0
14.372546242375392	-43.87315550586209	0
14.06782154837856	-43.71925154700875	0
13.78201584535418	-43.53948393696919	0
13.522025153797586	-43.35506239812821	0
13.266562508011702	-43.16972151398659	0
13.003932046180125	-42.956891930196434	0
12.781987236754503	-42.74492827337235	0
12.526692435902078	-42.48831358877942	0
12.312449500488583	-42.26455107703805	0
12.090829894063063	-42.001439962070435	0
11.890579268510919	-41.74838820518926	0
11.688458488788456	-41.49460402363911	0
11.488515899109188	-41.2435473552905	0
11.26339821628062	-40.960821063723415	0
11.062825248169247	-40.70892897574231	0
10.86240868351888	-40.457239063922316	0
10.637017295055557	-40.17418471397832	0
10.414644288015552	-39.89850798435509	0
10.15964322007494	-39.61380187002942	0
9.911646888998803	-39.36723128100857	0
9.677539871423505	-39.15080443257466	0
9.410267875704449	-38.904813676606864	0
9.178025291592348	-38.694490345194936	0
8.853876158886123	-38.434900196734816	0
8.59493355610175	-38.25700179114938	0
8.299752281978726	-38.06208601826802	0
8.004816101340111	-37.89090910879895	0
7.728663490910549	-37.75284758443013	0
7.450521038903389	-37.63107863534242	0
7.13567785982741	-37.52524748723954	0
6.836793468391988	-37.4560450646095	0
6.479158924834337	-37.38254347629845	0
6.165767237718683	-37.317605883814394	0
5.75302033132175	-37.24781600013375	0
5.341893718403298	-37.2212123000063	0
4.982553052192088	-37.22364989388734	0
4.617278144578449	-37.22598448488861	0
4.2171607468044385	-37.22842207783833	0
3.81947831826983	-37.235757739748806	0
3.4567926396266557	-37.244371328968555	0
3.0946741557563655	-37.25273696053773	0
2.733381556288805	-37.26111784670502	0
2.41332654672442	-37.26994505757466	0
2.051371381909121	-37.28107634419575	0
1.6894383880426176	-37.29205122683197	0
1.3696432577562518	-37.30189696373418	0
1.0224538298207335	-37.3197802612558	0
0.7206283077248372	-37.35446349205449	0
0.41553758189547807	-37.405816942453384	0
0.12047340115532279	-37.47198286978528	0
-0.1669973864336498	-37.562086017336696	0
-0.5058493165415712	-37.686128528323025	0
-0.8111753000994213	-37.79715910926461	0
-1.144012643606402	-37.919782551936805	0
-1.4297250055824406	-38.03746214788407	0
-1.7235193992964923	-38.16760435933247	0
-2.0201203371980228	-38.29820433491841	0
-2.3876697549712844	-38.45998946391046	0
-2.6818191545899026	-38.589490801561624	0
-3.0132646113052033	-38.73539534769952	0
-3.3444983506924473	-38.88121977541596	0
-3.6388864060281776	-39.010812669526786	0
-3.9639479650068097	-39.15147200692445	0
-4.251038027985487	-39.26143446797505	0
-4.553639365825802	-39.3656710726209	0
-4.898298217158299	-39.48509779945016	0
-5.201846076466609	-39.590383445844054	0
-5.505290939297993	-39.6955889808014	0
-5.847440195851959	-39.81422606529668	0
-6.149255229101982	-39.91858092183247	0
-6.442688418843318	-40.01277724234387	0
-6.734603836608585	-40.08691206946969	0
-7.044086409558076	-40.14567747991532	0
-7.403153851279058	-40.21217528171837	0
-7.749557925621048	-40.27292052237317	0
-8.113911581749562	-40.31578246084973	0
-8.471433594357222	-40.32316389866173	0
-8.795400572766084	-40.31311216857284	0
-9.166558220866136	-40.301610860507935	0
-9.528571083152201	-40.290384204126894	0
-9.855082464811858	-40.28025999851525	0
-10.175020171736833	-40.27034559799358	0
-10.495668364863377	-40.26040068734437	0
-10.817767098371405	-40.25040617864579	0
-11.139424276945647	-40.24042311729863	0
-11.460812522622291	-40.23044768394902	0
-11.782360985060222	-40.220468434505165	0
-12.184328986448236	-40.20799437444657	0
-12.50586123688845	-40.198015125934035	0
-12.907788231328595	-40.18554106820375	0
-13.269530251447577	-40.17431441228837	0
-13.591072990733664	-40.16433516563848	0
-13.912615730136167	-40.15435591619462	0
-14.274352981941774	-40.143129263073206	0
-14.636090231651906	-40.131902606226504	0
-14.997823670099024	-40.12067595263943	0
-15.399749710806645	-40.10820189258084	0
-15.761483147391118	-40.09697523992509	0
-16.163413955131546	-40.08450117986649	0
-16.52515597472666	-40.0732745253481	0
-16.886897994496394	-40.062047871761024	0
-17.248640014382545	-40.050821216311306	0
-17.610382034501527	-40.039594559464604	0
-17.972124052699655	-40.02836790960282	0
-18.29367251583608	-40.01838866015896	0
-18.615220976935234	-40.00840941257775	0
-18.976964903529733	-39.99718275759369	0
-19.378894760331605	-39.98470870219171	0
-19.780832244665362	-39.97223463887349	0
-20.102384522382636	-39.96225539082661	0
-20.54104037419893	-39.94810667866841	0
-20.884765578026418	-39.92625228082761	0
-21.21589846810093	-39.878938590642065	0
-21.535762741288636	-39.79770460957661	0
-21.840139342762996	-39.67903700796887	0
-22.153934432251845	-39.50195113150403	0
-22.440666152804624	-39.274930864572525	0
-22.729028656205628	-39.00086775794625	0
-22.964277221646626	-38.77629652665928	0
-23.195787384582218	-38.555532369297	0
-23.470102263323497	-38.283399497158825	0
-23.714126541803125	-38.00095931021497	0
-23.94311709579779	-37.6602877676487	0
-24.122524214559235	-37.34765806840733	0
-24.284561111358926	-37.06608000677079	0
-24.484794571704697	-36.71842375770211	0
-24.659227325289976	-36.41073790192604	0
-24.796924545196816	-36.14066877961159	0
-24.92575259291334	-35.86480132071301	0
-25.031366302457172	-35.56502333749086	0
-25.16274256852921	-35.19209471344948	0
-25.285833313770127	-34.84267989080399	0
-25.39505763334455	-34.53263274161145	0
-25.50259585637832	-34.227376852650195	0
-25.622123672335874	-33.88809004984796	0
-25.75582881172886	-33.50854674214497	0
-25.87617297313409	-33.16694823233411	0
-25.99636836152058	-32.82576552219689	0
-26.103259994939435	-32.522340688854456	0
-26.21016307087848	-32.21888914750889	0
-26.317050887504593	-31.915473851840943	0
-26.423934890830424	-31.612058552913368	0
-26.544185591570567	-31.270706090144813	0
-26.651073409768287	-30.967285067774355	0
-26.77132220385829	-30.62593642063439	0
-26.891570998588577	-30.28458777209744	0
-27.025180771190207	-29.905311497859657	0
-27.132068587408867	-29.6018904754892	0
-27.238956406363286	-29.298469459638	0
-27.359205199813005	-28.957120806910098	0
-27.492814971192274	-28.577844535000622	0
-27.599702788575087	-28.274423512630165	0
-27.719951583712827	-27.933074863627553	0
-27.84020037931623	-27.59172621462494	0
-27.973810150229838	-27.212449941318482	0
-28.08069796784548	-26.90902892127633	0
-28.187585785926785	-26.60560790169984	0
-28.30783458042424	-26.26425925316289	0
-28.414722396235447	-25.96083823312074	0
-28.52161021489883	-25.657417211681604	0
-28.62849803181598	-25.353996192105114	0
-28.762107803369872	-24.974719914142042	0
-28.882356598449405	-24.633371267467737	0
-28.98924441600684	-24.32995024463162	0
-29.109493208874483	-23.988601598422974	0
-29.229742004477885	-23.647252945695072	0
-29.33662982156966	-23.34383192891255	0
-29.44351763924351	-23.04041090933606	0
-29.563766434264835	-22.69906226033345	0
-29.684015227656346	-22.357713611330837	0
-29.790903044689912	-22.054292591288686	0
-29.911151840467937	-21.71294394461438	0
-30.03140063432511	-21.371595294214785	0
-30.15102381951874	-21.033683691173792	0
-30.261299086210784	-20.747417359612882	0
-30.38799281331012	-20.473728093784302	0
-30.55596919124946	-20.157632739283144	0
-30.70864100701874	-19.87056914018467	0
-30.89556880161399	-19.520654590334743	0
-31.088378861139063	-19.193536673672497	0
-31.2878036032198	-18.9113806784153	0
-31.481841994682327	-18.65220061223954	0
-31.675086930103134	-18.39234724873677	0
-31.91444201680133	-18.070590883959085	0
-32.10640712041641	-17.812553320080042	0
-32.320125534024555	-17.527736578602344	0
-32.51181407185504	-17.291458043735474	0
-32.717594101733994	-17.072770982980728	0
-32.94795985374367	-16.854978478513658	0
-33.2436179665965	-16.57640829961747	0
-33.477184250659775	-16.3559359642677	0
-33.76916499395156	-16.08041754597798	0
-34.030517531966325	-15.834546003490686	0
-34.29535670566838	-15.596631917636842	0
-34.597282362694386	-15.329330357722938	0
-34.86722178716445	-15.090057286433876	0
-35.13296122633619	-14.864095601718873	0
-35.41438670275966	-14.644619855564088	0
-35.702285721723456	-14.420798214618117	0
-35.98778529308038	-14.19856348959729	0
-36.27299876319012	-13.976617724634707	0
-36.524913740868215	-13.78021326707676	0
-36.79414744465612	-13.558998978696764	0
-37.031822158780415	-13.347697170916945	0
-37.27408595272573	-13.132266910746694	0
-37.57490153476829	-12.865180880296975	0
-37.843074753007386	-12.628252896014601	0
-38.1166038060328	-12.393684298265725	0
-38.392082168255	-12.157501135021448	0
-38.666751816577744	-11.92191210668534	0
-38.9413222798612	-11.686422261875123	0
-39.18554682977265	-11.47694673994556	0
-39.429748488531914	-11.26749506779015	0
-39.67391963215778	-11.058071053121239	0
-39.948631240346	-10.82245817873627	0
-40.19282145606121	-10.613017947413027	0
-40.43700404331321	-10.40358439553529	0
-40.6811904446804	-10.194149884860963	0
-40.955898238462396	-9.958536060992628	0
-41.230602218944114	-9.7229222394526	0
-41.474780989577994	-9.513487730175257	0
-41.81051631196169	-9.225515279453248	0
-42.085208846314345	-8.989901455584913	0
-42.329379989998415	-8.78046694630757	0
-42.63459391659126	-8.51867380971089	0
-42.93980784685118	-8.25688067637384	0
-43.21450038126204	-8.021266847848892	0
-43.51971430936828	-7.7594737145118415	0
-43.763885451771785	-7.550039207562804	0
-44.00805659551406	-7.340604694094509	0
-44.252227736171335	-7.131170183885843	0
-44.55744166584918	-6.869377527851611	0
-44.86265559407184	-6.607584388926625	0
-45.13734812900657	-6.3719700910151005	0
-45.38151927234139	-6.162535583134741	0
-45.655033066577744	-5.92810192797333	0
-45.89734644984128	-5.727265749592334	0
-46.17932887299685	-5.501012235414237	0
-46.48935694858665	-5.250323685351759	0
-46.76124568248633	-5.019387157633901	0
-47.0063247216749	-4.809229762293398	0
-47.28181071433937	-4.573456197511405	0
-47.52585978759453	-4.364517602138221	0
-47.861885025689844	-4.076851282734424	0
-48.10631175216986	-3.867593200877309	0
-48.380023910314776	-3.63343015499413	0
-48.620700789266266	-3.434812937863171	0
-48.87253565940773	-3.239629180636257	0
-49.155967666592915	-3.017544894479215	0
-49.437805130088236	-2.7914575655013323	0
-49.72058482351713	-2.5650545698590577	0
-49.971740676264744	-2.363969714846462	0
-50.25418849120615	-2.1378194405697286	0
-50.5053252724465	-1.9367435309104621	0
-50.756454422546085	-1.7356691672466695	0
-51.00756831432227	-1.534605773165822	0
-51.32147975161206	-1.283272776287049	0
-51.57260890270118	-1.0822042557410896	0
-51.82373805117095	-0.8811372248455882	0
-52.07486720272573	-0.6800704947672784	0
-52.325996352534276	-0.47900325106456876	0
-52.5771255029249	-0.27793595427647233	0
-52.828254653606564	-0.07686870777979493	0
-53.079383803124074	0.12419845815747976	0
-53.330512954329606	0.3252656147815287	0
-53.581642103905324	0.5263328235596418	0
-53.83277125557652	0.7273996737785637	0
-54.11529155011522	0.9536001933738589	0
-54.36642069986556	1.1546673430129886	0
-54.617549850197975	1.3557343138381839	0
-54.86867900000652	1.55680116917938	0
-55.119808151444886	1.7578681390732527	0
-55.43371958803618	2.0092018516734242	0
-55.684848739765584	2.2102688211016357	0
-55.96736903383862	2.436469166073948	0
-56.21849818498595	2.637536136433482	0
-56.469627333339304	2.8386031072586775	0
-56.78353877336485	3.089936824515462	0
-57.06605906767072	3.316137161105871	0
-57.31718821643153	3.517204134259373	0
-57.59970851172693	3.7434042333625257	0
-57.882228804926854	3.9696048190817237	0
-58.16474910010584	4.195806589908898	0
-58.447269394702744	4.4220095574855804	0
-58.76118083257461	4.673345653805882	0
-59.012309982674196	4.87441453197971	0
-59.2634391321335	5.0754834078252316	0
-59.51456828363007	5.276551808230579	0
-59.76569743390428	5.477620689664036	0
-60.04821772716241	5.70382317667827	0
-60.362129164568614	5.955159750301391	0
-60.644649459805805	6.181362237315625	0
-60.89577861066209	6.382431120611727	0
-61.146907761110924	6.583499995991588	0
-61.398036911326926	6.784568397328258	0
-61.680557205632795	7.01077088387683	0
-61.96307749993866	7.236973851919174	0
-62.21420664933976	7.438042730558664	0
-62.52811808750266	7.689378824084997	0
-62.779247237194795	7.890447704587132	0
-63.03037638810929	8.09151467634365	0
-63.31289668305544	8.31771286809817	0
-63.59541697642999	8.543911065440625	0
-63.84654612658778	8.744976132642478	0
-64.15658564754995	8.991293993312865	0
-64.43454737734282	9.193433847744018	0
-64.69985957356403	9.36529454216361	0
-65.00697322149063	9.563226790167391	0
-65.27529902552487	9.736247149761766	0
-65.57006068393821	9.91543206339702	0
-65.93845362850698	10.09818657906726	0
-66.23050685040653	10.213308421429247	0
-66.57183833263116	10.34494790341705	0
-66.9094390408718	10.475857824087143	0
-67.20862574648345	10.591778841335326	0
-67.58383174036862	10.737163630779833	0
-67.87868495145813	10.84980496391654	0
-68.16774745244766	10.947935189586133	0
-68.50920863304054	11.043029875960201	0
-68.82265467714751	11.12869080575183	0
-69.17203517042799	11.224650471005589	0
-69.47599787829677	11.30653199320659	0
-69.7737197416136	11.374788372777402	0
-70.08344264171319	11.428223697468638	0
-70.40370173729025	11.481375782750547	0
-70.71947474748595	11.53412350686267	0
-71.02368159563048	11.577879996038973	0
-71.39570613071555	11.603925791569054	0
-71.69913477980299	11.595524874981493	0
-72.05989070021315	11.571341599803418	0
-72.41027064441005	11.54308518441394	0
-72.7808761127526	11.486829846631736	0
-73.1136550437659	11.407560435589403	0
-73.46829982026247	11.291939820628613	0
-73.79824061674299	11.137080278713256	0
-74.10324855108047	10.936540689319372	0
-74.34499354491709	10.739655583631247	0
-74.59305567917181	10.532075971830636	0
-74.82179255696246	10.332865800242871	0
-75.07252497883746	10.112585158552974	0
-75.37353510950925	9.848125542514026	0
-75.64560694765532	9.609073724597692	0
-75.9182357325335	9.368867959827185	0
-76.17835993837798	9.128730862867087	0
-76.4133986972156	8.908222286496311	0
-76.6850127724465	8.653596963267773	0
-76.90493006870383	8.446810809429735	0
-77.1581267855945	8.209673969540745	0
