372.386352584057	-115.53312865365297	0
372.75683598418254	-115.53874388383701	0
373.06011967378436	-115.54332152474672	0
373.36642460600706	-115.54151335777715	0
373.6739502410055	-115.53033629339188	0
373.9803162078606	-115.51928892824799	0
374.2975159154157	-115.50757780950516	0
374.6536560507957	-115.49480620212853	0
374.9751892547938	-115.4832705562003	0
375.2967224569875	-115.47173491446301	0
375.6182556618587	-115.46019926667213	0
375.9397888649837	-115.44866362353787	0
376.26129154925	-115.43712797947228	0
376.66323857207317	-115.42270842380822	0
377.02514653105754	-115.40972319245338	0
377.3862305150251	-115.39676848426461	0
377.70764164754655	-115.38517942931503	0
378.07202153047547	-115.37226286809891	0
378.3900757296942	-115.36098662717268	0
378.6987610310898	-115.3388995253481	0
379.0147400369751	-115.30770293204114	0
379.3752136696712	-115.27158537926152	0
379.69854740978917	-115.23878660844639	0
380.0130920872907	-115.20761290984228	0
380.35644535842584	-115.19192687282339	0
380.79455571068684	-115.18985167657956	0
381.2344055645517	-115.18906584568322	0
381.58941654884256	-115.19745055027306	0
381.9100952610024	-115.2071017366834	0
382.31442265363876	-115.21921721380204	0
382.67642216553213	-115.23102751746774	0
382.98297123616794	-115.23149291006848	0
383.29235844366485	-115.21491423342377	0
383.6516418912797	-115.1892184340395	0
383.97238163719885	-115.16617766348645	0
384.2933044901001	-115.14311400335282	0
384.61437992809806	-115.12003508489579	0
384.97488407971105	-115.09414854645729	0
385.3356628884212	-115.06828489992768	0
385.65917973429896	-115.04496947163716	0
385.9783325647586	-115.02139464346692	0
386.3241882782313	-115.00881377141923	0
386.6397095188149	-115.01023283600807	0
387.00170903041726	-115.01359739992768	0
387.3234863742837	-115.01658812677488	0
387.72570805315627	-115.02032652962953	0
388.0877075645258	-115.02369108982384	0
388.4094849082758	-115.02668181294575	0
388.731262253772	-115.02967253793031	0
389.0932617649669	-115.03303709672764	0
389.4150391088915	-115.03602782310918	0
389.73681645217584	-115.03901854716241	0
390.0988159631961	-115.04238310595974	0
390.42059330729535	-115.04537382954732	0
390.7825317849638	-115.04873839346692	0
391.1042786091566	-115.05171385919675	0
391.5062256316305	-115.05542174214497	0
391.8681335914298	-115.05874815862626	0
392.1907349085668	-115.06176176900044	0
392.5116577615845	-115.0650118929334	0
392.8290710905567	-115.06454649660736	0
393.15060429490404	-115.06198302330449	0
393.51260380638996	-115.05909911030903	0
393.83438114862656	-115.05653563234955	0
394.23660282976925	-115.05333128618076	0
394.5583801738685	-115.05076781241223	0
394.960601851868	-115.04756346717477	0
395.2823791957344	-115.04499999061227	0
395.644378707977	-115.04211607947946	0
395.9661560517852	-115.03955260291696	0
396.28790287760785	-115.03698912309483	0
396.60961918748217	-115.03442564746365	0
396.9312439430505	-115.0318621750921	0
397.2528686985024	-115.02928343601525	0
397.5747681130306	-115.02668181015179	0
397.8965454560821	-115.02423277730122	0
398.29693608003436	-115.01986113516614	0
398.61871342378436	-115.01503935363144	0
399.0209351053345	-115.0090121361427	0
399.3427124482696	-115.00419035786763	0
399.6644897922524	-114.99936858192086	0
400.0667114710086	-114.99334136070684	0
400.38848881435115	-114.98851958010346	0
400.710266158625	-114.98369780415669	0
401.1124878387782	-114.97767058154568	0
401.43426518246997	-114.97284880606458	0
401.7560425270931	-114.96802702825516	0
402.0778198703774	-114.96320525277406	0
402.43981938267825	-114.957780753728	0
402.80181889329106	-114.95235625142232	0
403.12359623698285	-114.94753447500989	0
403.5660400838242	-114.94090453302488	0
404.0084839328192	-114.93427458498627	0
404.33026127616176	-114.9294528067112	0
404.7324829563149	-114.92342558689415	0
405.0542602990172	-114.91860381234437	0
405.41625981149264	-114.91317930771038	0
405.81848149065627	-114.90715209115297	0
406.18048100190936	-114.90172758838162	0
406.5424805137445	-114.89630309166387	0
406.8642578582512	-114.89148131199181	0
407.18603520147735	-114.8866595341824	0
407.5480347133125	-114.88123503513634	0
407.91003422572976	-114.87581053562462	0
408.2720337365172	-114.87038603797555	0
408.67425541731063	-114.86435881536454	0
409.036254929204	-114.85893431585282	0
409.3580322728376	-114.85411253711209	0
409.6798096150742	-114.84929076069966	0
410.04180912690936	-114.84386626211926	0
410.403808639443	-114.83844176260754	0
410.72558598435717	-114.8336199815385	0
411.04736332793254	-114.8287982060574	0
411.3691101532313	-114.82397643104196	0
411.69082646263996	-114.8191546513699	0
412.05267338530393	-114.81373014999554	0
412.41458134469576	-114.8083056518808	0
412.7363281713333	-114.80348387500271	0
413.13806156947976	-114.7974185058847	0
413.4597778788884	-114.7925890982151	0
413.82318119867705	-114.786996754352	0
414.14260868926067	-114.7819766108878	0
414.457580613147	-114.78396025625989	0
414.77859501569765	-114.78919402044266	0
415.10025028983364	-114.79446592973545	0
415.62319950928213	-114.80292693246156	0
415.983551070618	-114.8096789456904	0
416.30487065092893	-114.81718626944348	0
416.7067871541949	-114.8265704237856	0
417.1087036592071	-114.83595457719639	0
417.43023686134256	-114.84346190420911	0
417.83215336536523	-114.85284605948254	0
418.15368656924693	-114.86035338137299	0
418.47521977260476	-114.86786070698872	0
418.79675297561334	-114.87536803167313	0
419.1182861783891	-114.8828753568232	0
419.56039433326805	-114.89319792762399	0
419.8819275352871	-114.90070524998009	0
420.28384404059034	-114.91008940571919	0
420.6053772441228	-114.9175967280753	0
420.96710209554294	-114.92604247154668	0
421.3288879850297	-114.93448821036145	0
421.69076542690163	-114.94294157950208	0
422.0524597633048	-114.95141783822328	0
422.414428757329	-114.95992460940033	0
422.77648930309806	-114.96829405752942	0
423.0970154267852	-114.97638121526688	0
423.4580994104617	-114.98735228320584	0
423.7795715800603	-114.99714842578396	0
424.10125736967893	-115.00695982994512	0
424.4228210900328	-115.0167483408004	0
424.74383549491176	-115.02652159333229	0
425.10607914818684	-115.03749266406521	0
425.4697571268189	-115.04893675632775	0
425.8633118123398	-115.0576113788411	0
426.2189941862016	-115.05271330662072	0
426.58111576904776	-115.04619017755613	0
426.9023743135622	-115.04039183165878	0
427.2633667458431	-115.03392973681912	0
427.5875854943297	-115.02810850879177	0
427.9494324194384	-115.02060118783265	0
428.29107670648955	-115.02858153451234	0
428.5924072735943	-115.0615557753481	0
428.96337895159377	-115.12662688316777	0
429.3146057597478	-115.2036303607747	0
429.6485290990677	-115.27345458138734	0
429.99713139334926	-115.33304014848545	0
430.3205261697876	-115.42074766894802	0
430.6653137659305	-115.54913512337953	0
430.98376469447976	-115.68219939386472	0
431.2930908668204	-115.84837523614988	0
431.58386234979844	-116.03121367609128	0
431.82519535906613	-116.21216002339497	0
432.1099548788043	-116.4689120366238	0
432.360351607902	-116.7120226956904	0
432.5852051237016	-116.9299105713144	0
432.8186951135285	-117.14303771080449	0
433.06356816057814	-117.3795794537291	0
433.28417973424075	-117.62453642766923	0
433.47262577869697	-117.89263335196301	0
433.65283207659377	-118.18776884721592	0
433.8161011201446	-118.49000731436536	0
433.938079879561	-118.79363432480022	0
434.02142338460544	-119.11215392127633	0
434.07293705822667	-119.47912016697228	0
434.0895081034978	-119.78291502734646	0
434.0947876426508	-120.09842100786045	0
434.09869389404776	-120.42007627990097	0
434.10406498768134	-120.86235228274018	0
434.1084595186985	-121.22421446768567	0
434.1128540491336	-121.58607664937153	0
434.1167602993082	-121.90773192420602	0
434.1211548303836	-122.26959410170093	0
434.12554936291417	-122.63145628524944	0
434.12994389241794	-122.99331847159192	0
434.1343384257634	-123.3551806518808	0
434.13824467366794	-123.67683592578396	0
434.1421509249485	-123.9984911987558	0
434.14605717529776	-124.32014647265896	0
434.1504517052672	-124.68200865760446	0
434.15484623686643	-125.04387083882466	0
434.1587524865172	-125.36552611226216	0
434.1626587375649	-125.68718138569966	0
434.1665649874485	-126.00883665820584	0
434.17047123628436	-126.3304919344373	0
434.1743774865172	-126.65214720601216	0
434.17828373785596	-126.97380247712135	0
434.1821899880888	-127.29545775288716	0
434.1860962373321	-127.61711302492768	0
434.19000248768134	-127.93876830302179	0
434.1948852997157	-128.34083738923073	0
434.19976811128436	-128.74290648614988	0
434.2041626442806	-129.10476866643876	0
434.2080688935821	-129.4264239394106	0
434.21197514416417	-129.74807921098545	0
434.21636967459926	-130.10994139732793	0
434.2202759239008	-130.43158140825108	0
434.2246704570134	-130.79350462602451	0
434.22906498709926	-131.15542784659192	0
434.23394780012313	-131.55723754083738	0
434.23831181396963	-131.91949644731358	0
434.24237065191846	-132.2419146616012	0
434.24597172555514	-132.60086241271347	0
434.2445679164375	-132.91998472670093	0
434.24285893159686	-133.2414874196984	0
434.24111943069147	-133.56375304004177	0
434.2396240691305	-133.8856829716824	0
434.2365112764528	-134.20395079720765	0
434.2293701634626	-134.52372923772782	0
434.2211609336664	-134.88510313583538	0
434.2127991178422	-135.24835387291387	0
434.20605473284377	-135.57011595368385	0
434.19235234096413	-135.92279234854504	0
434.16793827939546	-136.23700132919475	0
434.13122563273646	-136.5379504286684	0
434.05453495820984	-136.8552416875027	0
433.90631108154776	-137.22818175330758	0
433.72564701735973	-137.5556811420247	0
433.5561218712828	-137.81094542657956	0
433.36386112944456	-138.09610167285427	0
433.18139653030084	-138.34672728227451	0
432.9591064914712	-138.5721453758888	0
432.67169193935115	-138.81015196722	0
432.3834839320625	-139.04184142127633	0
432.1208496549516	-139.23332396615297	0
431.837097214011	-139.42973509477451	0
431.52755741996225	-139.5970019432716	0
431.2326355436235	-139.72647276846692	0
430.93060307385167	-139.8486041156575	0
430.639007613936	-139.95146361272782	0
430.3328552703024	-139.99691954487935	0
429.9828186504892	-139.9990710336715	0
